2104 3 400
1600 3 330
2400 3 420
1416 2 232
3000 4 540
1500 2 250
1600 2 270
1800 2 300
1900 2 320
1700 3 350
1800 3 370
1900 3 380
2000 3 390
2100 3 400
2800 4 500
2900 4 520
3100 4 560
3200 4 580
2104 3 399
1600 3 329
2400 3 369
1416 2 232
3000 4 539
1985 4 299
1534 3 314
1427 3 198
1380 3 212
1494 3 242
1940 4 239
2000 3 347
1890 3 329
4478 5 699
1268 3 259
2300 4 449
1320 2 299
1236 3 199
2609 4 499
3031 4 599
1767 3 252
1888 2 255
1604 3 242
1962 4 259
3890 3 573
1100 3 249
1458 3 464
2526 3 469
2200 3 475
2637 3 299
1839 2 349
1000 1 169
2040 4 314
3137 3 579
1811 4 285
1437 3 249
1239 3 229
2132 4 345
4215 4 549
2162 4 287
2238 3 329
2567 4 314
1200 3 299
852 2 179
1852 4 299
1203 3 239